0,17,18,19,27,28,50,50,67
17,0,17,18,31,27,42,58,25
18,17,0,14,20,23,52,50,44
19,18,14,0,8,29,46,26,32
27,31,20,8,0,17,20,34,37
28,27,23,29,17,0,16,15,8
50,42,52,46,20,16,0,8,13
50,58,50,26,34,15,8,0,11
67,25,44,32,37,8,13,11,0
